2.3.1SDM=>BiIOM全体报警和设备状态报文
SDM->BiIOM全体报警和设备状态报文定义如表2所示。
表 2SDM->BiIOM全体报警和设备状态报文
序号	名称	长度	类型	说明
1	HEADER	1	UInt8	帧开始标志，默认值：0xAA
2	LEN	2	UInt16	帧长度（从MSG_ID开始到CRC结束）
3	MSG_ID	1	UInt8	消息ID，默认值：0x40
4	STAMP	6	UInt8	年、月、日、时、分、秒各占1个字节（北京时间），年从2000年开始
5	SN	4	UInt32	报文序列号。每次报文依次累加，累至0xFFFFFFFF后，下一次重新从1开始累加。
6	CBI_ID	4	UInt32	联锁集中站的编号（十进制）
CBI未开机或初始上电，SDM未收到数据之前，CBI_ID = 0
7	ALARM_NUM	2	UInt16	大排队报警数据码位数占的字节数N1
8	ALARM_DATA	N1	UInt8	大排队报警数据域，每个码位表示一个信息，从第1字节到第N1字节，每个字节数据位发送从最低位开始到最高止。
9	STATE_NUM	2	UInt16	大排队状态信息数据域的长度N2
10	STATE_DATA	N2	UInt8	大排队状态信息数据域，每个码位表示一个信息，从第1字节到第N2字节，每个字节数据位发送从最低位开始到最高止。
11	END	1	UInt8	帧的结束标志，默认值：0x55
12	CRC	4	UInt32	CRC校验，校验范围从LEN到END


上面是对一个16进制字符串报文的解析协议。
帮忙写一个html页面，完成报文解析及展示功能。
页面顶部为原始报文输入框，随后是【解析】按钮，换一行显示报文长度等信息，最后屏幕分左右两部分展示报警和状态位详细信息
报警数据和状态数据两部分都输出数据位的序号
字节列 带上原始字节




aa 02 4f 40 19 07 0c 01 3b 36 00 00 00 2d 00 00 01 36 00 e3 00 00 00 00 00 00 00 00 00 00 00 00 00 00 00 00 00 00 00 00 00 00 00 00 00 00 00 00 00 00 00 00 00 00 00 00 00 00 00 00 00 00 00 00 00 00 00 00 00 00 00 00 00 00 00 00 00 00 00 00 00 00 00 00 00 00 00 00 00 00 00 00 00 00 00 00 00 00 00 00 00 00 00 00 00 00 00 00 00 00 00 00 00 00 00 00 00 00 00 00 00 00 00 00 00 00 00 00 00 00 00 00 00 00 00 00 00 00 00 00 00 00 00 00 00 00 00 00 00 00 00 00 00 00 00 00 00 00 00 00 00 00 00 00 00 00 00 00 00 00 00 00 00 00 00 00 00 00 00 00 00 00 00 00 00 00 00 00 00 00 00 00 00 00 00 00 00 00 00 00 00 00 00 00 00 00 00 00 00 00 00 00 00 00 00 00 00 00 00 00 00 00 00 00 00 00 00 00 00 00 00 00 00 00 00 00 00 00 00 00 00 00 00 00 00 00 00 01 54 09 55 92 00 00 80 0f 00 00 00 00 00 00 00 00 00 00 00 00 00 00 00 00 00 00 00 00 00 00 00 00 80 fc ff 03 00 00 00 00 00 00 00 00 00 00 00 00 00 00 00 00 00 00 fe 7f 7d 00 00 f8 ff 01 00 00 00 00 00 00 00 00 00 00 00 00 00 00 00 00 00 00 00 00 00 00 00 00 00 00 00 00 00 00 00 00 00 00 00 00 fe ff ff ff ff ff ff ff ff 00 00 00 00 00 00 00 00 00 00 00 00 00 00 00 00 00 00 00 00 00 00 80 ff ff 0f 00 00 00 00 00 00 00 00 00 00 00 00 00 00 00 00 00 00 00 00 00 00 00 00 00 00 00 00 00 00 00 00 00 00 00 00 00 00 00 00 00 00 00 00 00 00 00 00 00 00 80 1f f8 01 00 f0 ff ff 1f 00 00 00 00 00 05 00 c7 71 00 70 14 00 00 00 00 00 04 40 00 00 00 00 00 00 00 00 00 00 00 00 00 00 00 00 00 00 00 00 00 00 00 00 00 00 00 00 00 40 44 44 44 44 40 44 44 44 44 00 00 00 00 00 00 00 00 00 00 40 44 44 44 00 00 00 00 00 00 50 14 05 00 00 f0 cf 03 00 50 55 00 00 00 00 00 00 00 00 00 00 00 00 00 00 00 00 00 00 00 00 00 00 00 00 00 50 14 05 00 00 f0 cf 03 00 50 55 00 00 00 00 00 00 00 00 00 00 00 00 00 00 00 00 00 00 00 00 00 00 00 17 55 7f dd 72 31